65011720,
2926247936,
2924085248,
2921922560,
2919759872,
919994369,
300613704,
134217800,
919994369,
298451016,
134217800,
919994369,
296288327,
134217800,
919994369,
294125638,
2389639168,
2387476480,
2385313792,
2383151104,
42836000,
27944965,
537722881,
49068069,
93061121,
692846603,
919994369,
537591808,
560594945,
269090884,
359268420,
42836000,
27879429,
537722881,
49068069,
93061121,
690749451,
919994369,
537591808,
560594944,
558432257,
269025348,
357105730,
42836000,
27813893,
537722881,
49068069,
93061121,
688652299,
537591808,
560594944,
558432256,
556269569,
268959812,
354943039,
537591808,
560594944,
336199740,
537591808,
560594944,
558432256,
336134203,
537591808,
560594944,
558432256,
336134203,
537591808,
560594944,
558432256,
556269568,
336068665,
537591808,
560594944,
558432256,
556269568,
336068665,
537591808,
560594944,
558432256,
556269568,
336068665,
43294758,
2389377024,
2387214336,
2385051648,
2382888960,
65011720,
2411659264,
45393952,
201326644,
590544944,
590479412,
590413880,
590348348,
45393952,
201326644,
590544928,
590479396,
590413864,
590348332,
45393952,
201326644,
590544912,
590479380,
590413848,
590348316,
45393952,
201326644,
590544896,
590479364,
590413832,
590348300,
65011720,
2411659264,
45393952,
201326644,
590544956,
590479416,
590413876,
590348336,
45393952,
201326644,
590544940,
590479400,
590413860,
590348320,
45393952,
201326644,
590544924,
590479384,
590413844,
590348304,
45393952,
201326644,
590544908,
590479368,
590413828,
590348288,
65011720,
2411659264,
45393952,
201326644,
590544908,
590479388,
590413868,
590348348,
45393952,
201326644,
590544904,
590479384,
590413864,
590348344,
45393952,
201326644,
590544900,
590479380,
590413860,
590348340,
45393952,
201326644,
590544896,
590479376,
590413856,
590348336,
65011720,
2411659264,
45393952,
201326644,
590544956,
590479404,
590413852,
590348300,
45393952,
201326644,
590544952,
590479400,
590413848,
590348296,
45393952,
201326644,
590544948,
590479396,
590413844,
590348292,
45393952,
201326644,
590544944,
590479392,
590413840,
590348288,
65011720,
319815725,
538443780,
319815719,
538443779,
319815712,
538443778,
319815706,
538443777,
49788966,
47624230,
45459494,
2948530176,
538511360,
65011720,
2905210880,
537526274,
65011720,
2905210880,
537526273,
268566550,
3422552064,
134217747,
541261823,
268566548,
336199699,
2368339968,
556400636,
554238016,
3422552064,
560201728,
352911377,
560660481,
336199698,
2368339968,
556400636,
23812134,
554238016,
537397248,
65011720,
11085861,
2366177340,
338176,
11085861,
2366177336,
338176,
11085861,
2366177332,
338176,
11085861,
2366177328,
338176,
11085861,
2366177324,
338176,
11085861,
2366177320,
338176,
11085861,
2366177316,
338176,
11085861,
2366177312,
8986661,
2366177308,
270592,
8986661,
2366177304,
270592,
8986661,
2366177300,
270592,
8986661,
2366177296,
270592,
8986661,
2366177292,
270592,
8986661,
2366177288,
270592,
8986661,
2366177284,
270592,
8986661,
2366177280,
10823718,
8658982,
537397248,
134217729,
3221225472,
201326596,
201326608,
3288334336,
539230208,
269877249,
3475488,
201326614,
542113792,
268566529,
3355443200,
3221225472,
201326596,
2164774,
201326608